LocusID	Chr	BP	Col	PopID	PNuc	QNuc	N	P	ObsHet	ObsHom	ExpHet	ExpHom	Pi	SmoothedPi	SmoothedPiP-value	Fis	SmoothedFis	SmoothedFisP-value	Private
174	1	32145219	28	1	A	G	7	0.92857143	0.1429	0.8571	0.1327	0.8673	0.1429	0.0003	0.0400	0.0000	-6.9851	0.0200	0
175	1	33607326	78	1	A	T	11	0.95454545	0.0909	0.9091	0.0868	0.9132	0.0909	0.0002	0.5000	0.0000	-6.9842	0.0500	0
2971	1	65242392	31	1	A	G	9	0.94444444	0.1111	0.8889	0.1049	0.8951	0.1111	0.0008	0.4400	0.0000	-6.9497	0.0300	0
195	1	70054226	12	1	G	C	37	0.98648649	0.0270	0.9730	0.0267	0.9733	0.0270	0.0002	0.9300	-0.0000	-6.9426	0.9300	0
200	1	83443907	57	1	A	G	15	0.96666667	0.0667	0.9333	0.0644	0.9356	0.0667	0.0001	0.7200	-0.0000	-6.9888	0.0500	0
1255	1	84546746	76	1	A	G	40	0.98750000	0.0250	0.9750	0.0247	0.9753	0.0250	0.0002	0.9700	0.0000	-6.9345	0.0600	0
1265	1	89732725	36	1	T	A	7	0.92857143	0.1429	0.8571	0.1327	0.8673	0.1429	0.0002	0.2400	0.0000	-6.9884	0.0100	0
1287	1	94425407	64	1	G	T	9	0.94444444	0.1111	0.8889	0.1049	0.8951	0.1111	0.0002	0.4100	0.0000	-6.9850	0.0500	0
558	10	18953034	80	1	G	T	12	0.95833333	0.0833	0.9167	0.0799	0.9201	0.0833	0.0003	0.7200	0.0000	-6.9734	0.0200	0
3654	11	6232700	42	1	A	G	9	0.94444444	0.1111	0.8889	0.1049	0.8951	0.1111	0.0001	0.3800	0.0000	-6.9923	0.9100	0
600	11	16476275	27	1	C	T	7	0.92857143	0.1429	0.8571	0.1327	0.8673	0.1429	0.0003	0.0900	0.0000	-6.9875	0.0300	0
55	14	10464123	10	1	T	G	28	0.98214286	0.0357	0.9643	0.0351	0.9649	0.0357	0.0002	0.8800	-0.0000	-6.9533	0.0700	0
74	15	9808424	81	1	A	G	18	0.97222222	0.0556	0.9444	0.0540	0.9460	0.0556	0.0002	0.7800	0.0000	-6.9692	0.0600	0
88	17	9282402	8	1	G	A	8	0.93750000	0.1250	0.8750	0.1172	0.8828	0.1250	0.0002	0.2500	0.0000	-6.9885	0.0200	0
825	17	9780068	50	1	G	C	15	0.96666667	0.0667	0.9333	0.0644	0.9356	0.0667	0.0001	0.6900	-0.0000	-6.9855	0.0400	0
91	18	10419170	28	1	T	C	11	0.95454545	0.0909	0.9091	0.0868	0.9132	0.0909	0.0001	0.5900	0.0000	-6.9917	0.0400	0
110	19	7884540	25	1	A	G	11	0.95454545	0.0909	0.9091	0.0868	0.9132	0.0909	0.0002	0.5300	0.0000	-6.9849	0.0000	0
150	1A	7637424	31	1	G	A	29	0.98275862	0.0345	0.9655	0.0339	0.9661	0.0345	0.0002	0.9000	-0.0000	-6.9594	0.0200	0
945	1A	39774625	39	1	C	G	35	0.98571429	0.0286	0.9714	0.0282	0.9718	0.0286	0.0002	0.9400	0.0000	-6.9452	0.0100	0
4611	1A	55000407	23	1	A	G	7	0.92857143	0.1429	0.8571	0.1327	0.8673	0.1429	0.0009	0.0500	0.0000	-6.9582	0.9500	0
1009	1A	64102424	62	1	A	G	7	0.85714286	0.2857	0.7143	0.2449	0.7551	0.2637	0.0005	0.0400	-0.0833	-6.9878	0.9300	0
1425	2	11069050	38	1	T	C	11	0.95454545	0.0909	0.9091	0.0868	0.9132	0.0909	0.0006	0.5300	0.0000	-6.9556	0.0200	0
1541	2	18819072	37	1	T	C	9	0.94444444	0.1111	0.8889	0.1049	0.8951	0.1111	0.0006	0.3400	0.0000	-6.9597	0.0500	0
3080	2	39150548	37	1	A	G	8	0.93750000	0.1250	0.8750	0.1172	0.8828	0.1250	0.0006	0.2200	0.0000	-6.9660	0.0500	0
261	2	52289615	82	1	C	T	17	0.97058824	0.0588	0.9412	0.0571	0.9429	0.0588	0.0002	0.8400	0.0000	-6.9755	0.0400	0
1420	2	109739937	47	1	A	C	8	0.93750000	0.1250	0.8750	0.1172	0.8828	0.1250	0.0002	0.7700	0.0000	-6.9744	0.0600	0
1422	2	109767596	42	1	A	G	22	0.97727273	0.0455	0.9545	0.0444	0.9556	0.0455	0.0002	0.8100	-0.0000	-6.9742	0.8500	0
1488	2	132637203	85	1	C	T	26	0.98076923	0.0385	0.9615	0.0377	0.9623	0.0385	0.0003	0.8300	-0.0000	-6.9523	0.0200	0
1525	2	151742975	89	1	T	C	7	0.92857143	0.1429	0.8571	0.1327	0.8673	0.1429	0.0002	0.0400	0.0000	-6.9878	0.0200	0
208	20	12676472	41	1	G	A	9	0.94444444	0.1111	0.8889	0.1049	0.8951	0.1111	0.0002	0.5100	0.0000	-6.9878	0.0300	0
1361	23	227208	39	1	G	A	7	0.92857143	0.1429	0.8571	0.1327	0.8673	0.1429	0.0002	0.1000	0.0000	-6.9883	0.0600	0
1364	23	3866381	6	1	G	A	7	0.92857143	0.1429	0.8571	0.1327	0.8673	0.1429	0.0001	0.1100	0.0000	-6.9949	0.0500	0
1386	26	3887026	80	1	A	G	12	0.95833333	0.0833	0.9167	0.0799	0.9201	0.0833	0.0001	0.7400	0.0000	-6.9896	0.0500	0
229	28	4204904	81	1	G	A	7	0.92857143	0.1429	0.8571	0.1327	0.8673	0.1429	0.0002	0.0700	0.0000	-6.9896	0.0300	0
1815	3	2201649	23	1	G	A	8	0.93750000	0.1250	0.8750	0.1172	0.8828	0.1250	0.0002	0.3600	0.0000	-6.9876	0.0400	0
1782	3	13884399	36	1	T	C	8	0.93750000	0.1250	0.8750	0.1172	0.8828	0.1250	0.0001	0.2400	0.0000	-6.9937	0.0300	0
1808	3	19692771	16	1	A	G	22	0.97727273	0.0455	0.9545	0.0444	0.9556	0.0455	0.0003	0.7900	-0.0000	-6.9534	0.0500	0
1822	3	23251059	6	1	T	C	10	0.80000000	0.2000	0.8000	0.3200	0.6800	0.3368	0.0008	0.0000	0.4063	-6.9834	0.0300	0
1825	3	25384853	87	1	T	C	10	0.95000000	0.1000	0.9000	0.0950	0.9050	0.1000	0.0003	0.5000	-0.0000	-6.9815	0.0400	0
307	3	27609026	9	1	T	C	17	0.97058824	0.0588	0.9412	0.0571	0.9429	0.0588	0.0002	0.7600	0.0000	-6.9733	0.0100	0
1852	3	30894891	15	1	T	C	8	0.93750000	0.1250	0.8750	0.1172	0.8828	0.1250	0.0002	0.2100	0.0000	-6.9869	0.0900	0
1854	3	31021998	46	1	T	C	7	0.92857143	0.1429	0.8571	0.1327	0.8673	0.1429	0.0003	0.1300	0.0000	-6.9870	0.0400	0
313	3	31542239	71	1	G	A	7	0.92857143	0.1429	0.8571	0.1327	0.8673	0.1429	0.0001	0.0600	0.0000	-6.9950	0.0600	0
1868	3	38686657	65	1	G	A	7	0.92857143	0.1429	0.8571	0.1327	0.8673	0.1429	0.0002	0.0600	0.0000	-6.9886	0.0100	0
1906	3	51277063	22	1	G	A	8	0.93750000	0.1250	0.8750	0.1172	0.8828	0.1250	0.0003	0.3300	0.0000	-6.9841	0.0200	0
330	3	52524230	18	1	C	T	8	0.93750000	0.1250	0.8750	0.1172	0.8828	0.1250	0.0002	0.5200	0.0000	-6.9855	0.1100	0
331	3	52524436	75	1	A	G	11	0.95454545	0.0909	0.9091	0.0868	0.9132	0.0909	0.0002	0.4600	0.0000	-6.9855	0.0600	0
1975	3	76097981	55	1	A	G	7	0.92857143	0.1429	0.8571	0.1327	0.8673	0.1429	0.0002	0.0500	0.0000	-6.9893	0.0100	0
1977	3	76997306	11	1	T	C	10	0.95000000	0.1000	0.9000	0.0950	0.9050	0.1000	0.0002	0.5700	-0.0000	-6.9847	0.9700	0
1995	3	82474551	72	1	T	A	33	0.98484848	0.0303	0.9697	0.0298	0.9702	0.0303	0.0003	0.9000	-0.0000	-6.9410	0.0600	0
375	4	3260730	40	1	T	C	12	0.95833333	0.0833	0.9167	0.0799	0.9201	0.0833	0.0002	0.7500	0.0000	-6.9831	0.0100	0
2236	4	7019528	72	1	A	G	8	0.93750000	0.1250	0.8750	0.1172	0.8828	0.1250	0.0002	0.4500	0.0000	-6.9879	0.0100	0
2129	4	24954028	3	1	T	C	8	0.87500000	0.2500	0.7500	0.2188	0.7812	0.2333	0.0005	0.0300	-0.0714	-6.9838	0.9400	0
2199	4	53011075	89	1	A	G	8	0.93750000	0.1250	0.8750	0.1172	0.8828	0.1250	0.0002	0.2400	0.0000	-6.9901	0.0600	0
383	4	56272368	52	1	G	A	19	0.97368421	0.0526	0.9474	0.0512	0.9488	0.0526	0.0002	0.7700	0.0000	-6.9711	0.0400	0
411	5	4855278	37	1	G	A	21	0.95238095	0.0000	1.0000	0.0907	0.9093	0.0929	0.0002	0.5800	1.0000	-6.9821	0.0000	0
2301	5	30842911	57	1	A	T	7	0.92857143	0.1429	0.8571	0.1327	0.8673	0.1429	0.0003	0.0600	0.0000	-6.9875	0.0400	0
2314	5	35030596	37	1	A	G	13	0.96153846	0.0769	0.9231	0.0740	0.9260	0.0769	0.0003	0.7500	-0.0000	-6.9763	0.0400	0
2352	5	49326449	28	1	A	G	25	0.98000000	0.0400	0.9600	0.0392	0.9608	0.0400	0.0003	0.8800	0.0000	-6.9552	0.9400	0
2372	5	53824540	10	1	A	G	8	0.81250000	0.3750	0.6250	0.3047	0.6953	0.3250	0.0007	0.0000	-0.1538	-6.9862	0.9700	0
2404	6	16414007	74	1	A	G	7	0.92857143	0.1429	0.8571	0.1327	0.8673	0.1429	0.0002	0.0600	0.0000	-6.9881	0.0100	0
431	6	19072965	42	1	A	G	22	0.95454545	0.0909	0.9091	0.0868	0.9132	0.0888	0.0005	0.6700	-0.0238	-6.9586	0.9600	0
2419	6	20657640	76	1	T	C	12	0.91666667	0.0000	1.0000	0.1528	0.8472	0.1594	0.0005	0.0300	1.0000	-6.9768	0.0000	0
8132	6	29234285	77	1	T	A	17	0.97058824	0.0588	0.9412	0.0571	0.9429	0.0588	0.0004	0.7400	0.0000	-6.9539	0.0600	0
2464	6	35098047	45	1	A	T	11	0.95454545	0.0909	0.9091	0.0868	0.9132	0.0909	0.0003	0.5600	0.0000	-6.9790	0.0600	0
2507	7	16888258	77	1	C	T	30	0.98333333	0.0333	0.9667	0.0328	0.9672	0.0333	0.0003	0.9100	-0.0000	-6.9456	0.0400	0
2633	8	24670823	52	1	T	C	11	0.95454545	0.0909	0.9091	0.0868	0.9132	0.0909	0.0003	0.5200	0.0000	-6.9802	0.0600	0
2780	Z	60656627	6	1	C	T	9	0.94444444	0.1111	0.8889	0.1049	0.8951	0.1111	0.0004	0.5100	0.0000	-6.9720	0.0100	0
2789	Z	68115628	53	1	T	C	16	0.96875000	0.0625	0.9375	0.0605	0.9395	0.0625	0.0003	0.7300	0.0000	-6.9711	0.0200	0
